Chile,  Population size (1-year)     Last modified: 11-Feb-2009, MPv5 (May07)

Year     Age      Female         Male        Total
1992       0     137041.15    143510.36    280551.51
1992       1     133975.23    140086.17    274061.40
1992       2     141420.03    147408.44    288828.47
1992       3     146206.44    152530.37    298736.81
1992       4     148345.95    155414.21    303760.16
1992       5     126736.51    131385.77    258122.28
1992       6     122054.05    125575.92    247629.97
1992       7     119631.17    123685.16    243316.33
1992       8     119717.35    123228.42    242945.77
1992       9     125570.54    129065.02    254635.56
1992      10     128341.93    132630.79    260972.72
1992      11     120978.70    125911.17    246889.87
1992      12     118794.59    121904.42    240699.01
1992      13     115676.69    118325.42    234002.11
1992      14     116370.82    120840.21    237211.03
1992      15     113442.34    116906.59    230348.93
1992      16     118368.71    122117.45    240486.16
1992      17     124083.87    128477.05    252560.92
1992      18     125667.84    129236.03    254903.87
1992      19     122061.32    121054.33    243115.65
1992      20     121453.85    119198.14    240651.99
1992      21     120276.59    119711.00    239987.59
1992      22     120499.33    119628.42    240127.75
1992      23     123052.96    120117.25    243170.21
1992      24     124185.09    120598.06    244783.15
1992      25     123722.72    118938.93    242661.65
1992      26     125584.76    120583.24    246168.00
1992      27     126760.13    122264.36    249024.49
1992      28     124133.72    120382.67    244516.39
1992      29     124652.09    119708.70    244360.79
1992      30     122894.22    117544.64    240438.86
1992      31     114288.55    109813.80    224102.35
1992      32     118461.80    112755.64    231217.44
1992      33     109875.18    107538.34    217413.52
1992      34     103649.44     99505.86    203155.30
1992      35     102150.90     96607.91    198758.81
1992      36      98453.00     92576.66    191029.66
1992      37      94995.09     89159.34    184154.43
1992      38      92072.21     87214.44    179286.65
1992      39      85849.04     81843.66    167692.70
1992      40      82335.56     76794.57    159130.13
1992      41      77958.93     75647.14    153606.07
1992      42      85623.15     81550.40    167173.55
1992      43      74220.65     69893.29    144113.94
1992      44      69376.50     64391.57    133768.07
1992      45      68317.01     63061.86    131378.87
1992      46      69096.68     66240.08    135336.76
1992      47      67991.07     64399.45    132390.52
1992      48      64992.59     61503.03    126495.62
1992      49      62094.03     58042.61    120136.64
1992      50      61092.13     55765.17    116857.30
1992      51      56262.73     54227.75    110490.48
1992      52      60183.62     56623.73    116807.35
1992      53      51650.71     47028.87     98679.58
1992      54      50593.96     44920.76     95514.72
1992      55      48393.47     42915.73     91309.20
1992      56      46841.60     43217.97     90059.57
1992      57      45347.26     41323.42     86670.68
1992      58      45465.06     41190.20     86655.26
1992      59      46591.95     39980.56     86572.51
1992      60      48477.63     39765.47     88243.10
1992      61      44037.03     39966.82     84003.85
1992      62      49591.17     42863.69     92454.86
1992      63      44027.46     37677.56     81705.02
1992      64      42681.45     37655.28     80336.73
1992      65      40400.23     35035.67     75435.90
1992      66      34093.85     28838.76     62932.61
1992      67      32464.21     27731.29     60195.50
1992      68      29464.07     24072.07     53536.14
1992      69      27500.78     22328.20     49828.98
1992      70      28558.32     22393.60     50951.92
1992      71      25023.84     20791.75     45815.59
1992      72      27607.44     21411.86     49019.30
1992      73      23591.64     17745.44     41337.08
1992      74      23108.03     16931.61     40039.64
1992      75      22384.15     16139.20     38523.35
1992      76      20291.34     14605.95     34897.29
1992      77      18754.02     13551.04     32305.06
1992      78      18518.34     12747.12     31265.46
1992      79      16341.95     10894.99     27236.94
1992      80      15908.58     10420.09     26328.67
1992      81      14338.08      9111.60     23449.68
1992      82      12593.54      7654.75     20248.29
1992      83      10979.28      6499.56     17478.84
1992      84       9617.35      5495.93     15113.28
1992      85       8506.35      4457.75     12964.10
1992      86       7183.81      3527.15     10710.96
1992      87       5862.42      2865.70      8728.12
1992      88       4865.40      2310.68      7176.08
1992      89       4005.45      1808.71      5814.16
1992      90       3227.36      1410.98      4638.34
1992      91       2535.51      1077.26      3612.77
1992      92       1849.18       737.61      2586.79
1992      93       1349.52       472.48      1822.00
1992      94       1025.43       324.87      1350.30
1992      95        748.92       238.12       987.04
1992      96        528.66       171.12       699.78
1992      97        363.69        96.83       460.52
1992      98        237.73        66.92       304.65
1992      99        154.68        49.05       203.73
1992     100        101.21        29.25       130.46
1992     101         67.83        16.59        84.42
1992     102         45.55        14.85        60.40
1992     103         26.25        11.98        38.23
1992     104         17.61         5.93        23.54
1992     105         11.15         2.20        13.35
1992     106          6.03         0.75         6.78
1992     107          3.14         0.26         3.40
1992     108          1.22         0.00         1.22
1992     109          0.70         0.00         0.70
1992     110+         0.00         0.00         0.00
1993       0     135971.66    142020.80    277992.46
1993       1     136877.99    143181.78    280059.77
1993       2     134474.63    140540.54    275015.17
1993       3     141478.48    147385.88    288864.36
1993       4     145585.50    151825.19    297410.69
1993       5     147453.46    154379.73    301833.19
1993       6     127318.90    131843.36    259162.26
1993       7     122076.46    125736.14    247812.60
1993       8     119673.93    123895.23    243569.16
1993       9     119835.96    123535.22    243371.18
1993      10     125515.72    128933.76    254449.48
1993      11     128172.18    132258.13    260430.31
1993      12     120907.26    125768.24    246675.50
1993      13     118762.05    121890.24    240652.29
1993      14     115634.82    118179.26    233814.08
1993      15     116045.06    120276.36    236321.42
1993      16     113450.11    116588.67    230038.78
1993      17     118448.00    121802.57    240250.57
1993      18     124081.62    128156.14    252237.76
1993      19     125459.09    128805.42    254264.51
1993      20     122129.05    121070.33    243199.38
1993      21     121561.64    119296.78    240858.42
1993      22     120073.98    119353.79    239427.77
1993      23     120602.19    119576.13    240178.32
1993      24     122866.14    119992.03    242858.17
1993      25     123880.01    120262.81    244142.82
1993      26     123635.96    118813.68    242449.64
1993      27     125736.92    120666.07    246402.99
1993      28     126921.47    122280.20    249201.67
1993      29     124308.59    120574.75    244883.34
1993      30     124654.33    119714.58    244368.91
1993      31     122849.70    117359.17    240208.87
1993      32     114424.00    109957.09    224381.09
1993      33     118953.78    113261.89    232215.67
1993      34     109779.56    107186.99    216966.55
1993      35     103214.19     99056.29    202270.48
1993      36     101880.97     96350.09    198231.06
1993      37      98231.41     92408.80    190640.21
1993      38      94872.86     89138.50    184011.36
1993      39      91795.73     87051.82    178847.55
1993      40      85668.64     81637.25    167305.89
1993      41      82219.66     76656.37    158876.03
1993      42      77888.86     75599.17    153488.03
1993      43      85458.96     81421.57    166880.53
1993      44      74136.20     69836.58    143972.78
1993      45      69377.27     64437.90    133815.17
1993      46      68079.37     62894.18    130973.55
1993      47      68767.29     65931.03    134698.32
1993      48      67596.71     64017.08    131613.79
1993      49      64696.88     61179.66    125876.54
1993      50      61874.69     57671.48    119546.17
1993      51      60863.26     55365.68    116228.94
1993      52      55915.68     53774.65    109690.33
1993      53      59837.26     56193.10    116030.36
1993      54      51443.91     46783.52     98227.43
1993      55      50467.69     44791.03     95258.72
1993      56      48549.41     42940.00     91489.41
1993      57      46546.39     42817.63     89364.02
1993      58      45071.79     40964.14     86035.93
1993      59      44961.44     40516.99     85478.43
1993      60      46022.10     39368.78     85390.88
1993      61      47910.37     39182.31     87092.68
1993      62      43601.72     39322.43     82924.15
1993      63      49023.92     42141.25     91165.17
1993      64      43493.06     36940.40     80433.46
1993      65      42030.15     36744.06     78774.21
1993      66      39635.99     34126.88     73762.87
1993      67      33503.07     28085.24     61588.31
1993      68      31826.61     26928.84     58755.45
1993      69      28944.60     23418.67     52363.27
1993      70      26900.12     21578.57     48478.69
1993      71      27872.56     21539.94     49412.50
1993      72      24346.78     19899.13     44245.91
1993      73      26786.76     20431.47     47218.23
1993      74      22826.97     16846.34     39673.31
1993      75      22292.17     16033.27     38325.44
1993      76      21505.03     15181.76     36686.79
1993      77      19481.42     13683.25     33164.67
1993      78      17914.23     12626.22     30540.45
1993      79      17571.58     11765.01     29336.59
1993      80      16808.79     10779.79     27588.58
1993      81      14912.99      9515.01     24428.00
1993      82      13315.51      8228.10     21543.61
1993      83      11597.31      6830.78     18428.09
1993      84      10028.98      5721.03     15750.01
1993      85       8714.80      4788.78     13503.58
1993      86       7640.35      3833.96     11474.31
1993      87       6371.34      2983.60      9354.94
1993      88       5133.44      2399.90      7533.34
1993      89       4203.91      1915.06      6118.97
1993      90       3389.55      1495.94      4885.49
1993      91       2671.36      1141.03      3812.39
1993      92       2083.12       847.14      2930.26
1993      93       1493.58       579.95      2073.53
1993      94       1069.29       354.59      1423.88
1993      95        797.88       237.74      1035.62
1993      96        551.14       181.31       732.45
1993      97        381.20       128.60       509.80
1993      98        267.98        70.12       338.10
1993      99        170.46        45.92       216.38
1993     100        104.27        31.34       135.61
1993     101         67.05        18.01        85.06
1993     102         44.83         8.70        53.53
1993     103         31.78         9.50        41.28
1993     104         17.40         7.98        25.38
1993     105         10.42         3.56        13.98
1993     106          5.54         1.77         7.31
1993     107          2.58         0.75         3.33
1993     108          1.06         0.26         1.32
1993     109          0.00         0.00         0.00
1993     110+         0.00         0.00         0.00
1994       0     133162.33    139440.94    272603.27
1994       1     135757.96    141601.38    277359.34
1994       2     137052.20    143254.76    280306.96
1994       3     135294.09    141371.71    276665.80
1994       4     141625.73    147467.07    289092.80
1994       5     144720.01    150870.37    295590.38
1994       6     146177.78    152900.41    299078.19
1994       7     128178.29    132505.03    260683.32
1994       8     122131.83    125975.73    248107.56
1994       9     119752.53    124219.64    243972.17
1994      10     120019.18    123995.99    244015.17
1994      11     125439.70    128755.94    254195.64
1994      12     127933.24    131741.99    259675.23
1994      13     120814.16    125579.55    246393.71
1994      14     118721.62    121877.64    240599.26
1994      15     115583.05    117982.58    233565.63
1994      16     115581.49    119472.14    235053.63
1994      17     113478.29    116139.50    229617.79
1994      18     118591.70    121364.53    239956.23
1994      19     124099.13    127712.42    251811.55
1994      20     125172.73    128206.04    253378.77
1994      21     122251.40    121137.52    243388.92
1994      22     121747.86    119524.55    241272.41
1994      23     119824.97    118926.07    238751.04
1994      24     120794.43    119570.12    240364.55
1994      25     122621.94    119859.27    242481.21
1994      26     123461.30    119838.98    243300.28
1994      27     123543.44    118706.33    242249.77
1994      28     125985.08    120847.86    246832.94
1994      29     127189.02    122373.16    249562.18
1994      30     124593.52    120919.14    245512.66
1994      31     124670.68    119800.86    244471.54
1994      32     122813.69    117182.22    239995.91
1994      33     114649.32    110264.71    224914.03
1994      34     119684.75    114093.53    233778.28
1994      35     109668.28    106765.01    216433.29
1994      36     102626.94     98505.46    201132.40
1994      37     101529.56     96065.49    197595.05
1994      38      97933.66     92245.36    190179.02
1994      39      94735.94     89192.91    183928.85
1994      40      91448.57     86887.46    178336.03
1994      41      85433.75     81403.88    166837.63
1994      42      82086.67     76538.34    158625.01
1994      43      77851.49     75643.53    153495.02
1994      44      85293.98     81355.15    166649.13
1994      45      74074.71     69832.10    143906.81
1994      46      69425.41     64603.59    134029.00
1994      47      67783.29     62781.30    130564.59
1994      48      68336.78     65582.16    133918.94
1994      49      67066.01     63558.09    130624.10
1994      50      64334.10     60837.33    125171.43
1994      51      61618.10     57306.26    118924.36
1994      52      60604.83     54941.09    115545.92
1994      53      55506.66     53244.39    108751.05
1994      54      59424.11     55674.33    115098.44
1994      55      51239.52     46522.62     97762.14
1994      56      50384.37     44752.42     95136.79
1994      57      48887.29     43128.21     92015.50
1994      58      46240.28     42362.10     88602.38
1994      59      44797.60     40604.32     85401.92
1994      60      44361.34     39726.80     84088.14
1994      61      45314.12     38700.64     84014.76
1994      62      47205.98     38604.43     85810.41
1994      63      43147.11     38696.85     81843.96
1994      64      48407.69     41394.78     89802.47
1994      65      42920.56     36151.65     79072.21
1994      66      41267.53     35712.77     76980.30
1994      67      38733.59     33070.33     71803.92
1994      68      32890.93     27268.03     60158.96
1994      69      31140.77     26085.72     57226.49
1994      70      28444.27     22789.20     51233.47
1994      71      26289.89     20853.79     47143.68
1994      72      27150.07     20687.96     47838.03
1994      73      23658.18     18981.57     42639.75
1994      74      25904.06     19401.67     45305.73
1994      75      22025.06     15894.73     37919.79
1994      76      21435.16     15055.89     36491.05
1994      77      20554.11     14221.97     34776.08
1994      78      18643.90     12804.13     31448.03
1994      79      17079.15     11705.78     28784.93
1994      80      18074.45     11756.47     29830.92
1994      81      15784.59      9841.62     25626.21
1994      82      13870.87      8586.67     22457.54
1994      83      12244.50      7304.86     19549.36
1994      84      10623.40      5990.89     16614.29
1994      85       9101.76      4967.81     14069.57
1994      86       7801.97      4106.31     11908.28
1994      87       6778.45      3233.61     10012.06
1994      88       5574.94      2515.21      8090.15
1994      89       4403.54      1979.25      6382.79
1994      90       3545.97      1532.07      5078.04
1994      91       2838.09      1191.46      4029.55
1994      92       2182.97       894.95      3077.92
1994      93       1669.33       659.69      2329.02
1994      94       1185.80       451.36      1637.16
1994      95        823.07       270.43      1093.50
1994      96        605.38       178.43       783.81
1994      97        414.75       125.87       540.62
1994      98        280.98        86.64       367.62
1994      99        187.95        47.60       235.55
1994     100        115.63        30.01       145.64
1994     101         69.20        25.10        94.30
1994     102         45.68        13.46        59.14
1994     103         33.52         4.80        38.32
1994     104         21.70         5.95        27.65
1994     105         10.40         4.27        14.67
1994     106          7.34         1.70         9.04
1994     107          3.81         0.58         4.39
1994     108          1.62         0.00         1.62
1994     109          0.77         0.00         0.77
1994     110+         0.00         0.00         0.00
1995       0     132577.95    138010.53    270588.48
1995       1     132859.37    138995.41    271854.78
1995       2     135771.70    141464.22    277235.92
1995       3     137288.53    143379.60    280668.13
1995       4     136139.97    142215.46    278355.43
1995       5     141773.44    147552.08    289325.52
1995       6     143853.90    149912.29    293766.19
1995       7     144910.40    151429.17    296339.57
1995       8     129040.52    133180.03    262220.55
1995       9     122185.64    126223.14    248408.78
1995      10     119832.16    124547.84    244380.00
1995      11     120203.93    124456.84    244660.77
1995      12     125367.76    128575.01    253942.77
1995      13     127693.54    131221.38    258914.92
1995      14     120717.26    125383.70    246100.96
1995      15     118669.92    121859.77    240529.69
1995      16     115517.48    117770.75    233288.23
1995      17     115124.39    118631.25    233755.64
1995      18     113514.55    115664.59    229179.14
1995      19     118740.36    120929.42    239669.78
1995      20     124126.93    127271.37    251398.30
1995      21     124895.21    127614.69    252509.90
1995      22     122379.22    121207.44    243586.66
1995      23     121932.39    119740.75    241673.14
1995      24     119572.06    118515.20    238087.26
1995      25     120982.06    119589.06    240571.12
1995      26     122380.48    119741.27    242121.75
1995      27     123056.64    119424.60    242481.24
1995      28     123454.16    118603.32    242057.48
1995      29     126230.38    121029.58    247259.96
1995      30     127453.36    122454.67    249908.03
1995      31     124877.22    121283.16    246160.38
1995      32     124691.47    119900.10    244591.57
1995      33     122778.60    116987.00    239765.60
1995      34     114872.07    110557.84    225429.91
1995      35     120411.46    114903.54    235315.00
1995      36     109555.85    106319.38    215875.23
1995      37     102027.60     97943.03    199970.63
1995      38     101163.09     95768.85    196931.94
1995      39      97630.37     92063.59    189693.96
1995      40      94598.19     89239.70    183837.89
1995      41      91091.21     86711.83    177803.04
1995      42      85187.52     81142.58    166330.10
1995      43      81954.21     76413.49    158367.70
1995      44      77785.84     75697.16    153483.00
1995      45      85081.79     81264.08    166345.87
1995      46      73984.30     69780.42    143764.72
1995      47      69443.96     64717.57    134161.53
1995      48      67459.42     62619.30    130078.72
1995      49      67895.97     65180.20    133076.17
1995      50      66519.14     63025.93    129545.07
1995      51      63945.69     60438.08    124383.77
1995      52      61361.65     56885.33    118246.98
1995      53      60335.60     54459.28    114794.88
1995      54      55081.17     52661.65    107742.82
1995      55      59004.17     55098.76    114102.93
1995      56      50992.97     46220.33     97213.30
1995      57      50243.56     44694.09     94937.65
1995      58      49191.24     43293.97     92485.21
1995      59      45909.97     41850.69     87760.66
1995      60      44492.95     40185.23     84678.18
1995      61      43715.34     38883.85     82599.19
1995      62      44542.40     37984.48     82526.88
1995      63      46467.04     38003.74     84470.78
1995      64      42679.91     38076.13     80756.04
1995      65      47784.33     40671.79     88456.12
1995      66      42344.10     35358.08     77702.18
1995      67      40507.74     34614.02     75121.76
1995      68      37826.85     31944.77     69771.62
1995      69      32212.48     26438.72     58651.20
1995      70      30402.51     25231.45     55633.96
1995      71      27937.70     22117.05     50054.75
1995      72      25671.73     20057.49     45729.22
1995      73      26431.05     19796.22     46227.27
1995      74      22971.50     18065.95     41037.45
1995      75      25011.74     18383.30     43395.04
1995      76      21227.08     14983.91     36210.99
1995      77      20652.93     14175.82     34828.75
1995      78      19679.73     13317.42     32997.15
1995      79      17815.66     11910.78     29726.44
1995      80      18190.71     12097.22     30287.93
1995      81      16999.85     10765.73     27765.58
1995      82      14767.43      8984.47     23751.90
1995      83      12875.24      7725.10     20600.34
1995      84      11259.77      6490.12     17749.89
1995      85       9664.74      5291.59     14956.33
1995      86       8201.24      4309.99     12511.23
1995      87       6950.02      3513.51     10463.53
1995      88       5960.16      2744.24      8704.40
1995      89       4827.04      2097.40      6924.44
1995      90       3745.99      1626.51      5372.50
1995      91       2989.96      1234.67      4224.63
1995      92       2355.50       943.16      3298.66
1995      93       1791.82       703.82      2495.64
1995      94       1350.38       509.41      1859.79
1995      95        933.50       350.03      1283.53
1995      96        630.77       206.62       837.39
1995      97        465.70       131.11       596.81
1995      98        324.37        89.75       414.12
1995      99        211.70        61.32       273.02
1995     100        131.28        33.29       164.57
1995     101         77.88        22.46       100.34
1995     102         49.92        17.10        67.02
1995     103         31.98         9.33        41.31
1995     104         20.76         4.35        25.11
1995     105         12.93         4.71        17.64
1995     106          5.50         2.27         7.77
1995     107          3.71         0.94         4.65
1995     108          1.59         0.58         2.17
1995     109          0.31         0.00         0.31
1995     110+         0.00         0.00         0.00
1996       0     128693.91    134359.44    263053.35
1996       1     132130.25    137479.60    269609.85
1996       2     132711.27    138765.67    271476.94
1996       3     135809.30    141375.82    277185.12
1996       4     137526.01    143520.95    281046.96
1996       5     136988.61    143067.03    280055.64
1996       6     141928.24    147653.86    289582.10
1996       7     142994.30    148970.20    291964.50
1996       8     143646.87    149957.47    293604.34
1996       9     129904.77    133850.14    263754.91
1996      10     122238.73    126475.73    248714.46
1996      11     119906.89    124886.13    244793.02
1996      12     120387.24    124926.04    245313.28
1996      13     125293.75    128399.09    253692.84
1996      14     127446.75    130687.02    258133.77
1996      15     120613.40    125157.09    245770.49
1996      16     118623.49    121814.18    240437.67
1996      17     115461.27    117547.57    233008.84
1996      18     114666.28    117793.82    232460.10
1996      19     113548.78    115180.80    228729.58
1996      20     118877.67    120464.04    239341.71
1996      21     124141.52    126810.07    250951.59
1996      22     124614.71    126995.35    251610.06
1996      23     122503.47    121252.79    243756.26
1996      24     122118.18    119950.99    242069.17
1996      25     119320.36    118104.51    237424.87
1996      26     121169.85    119603.52    240773.37
1996      27     122131.30    119622.14    241753.44
1996      28     122634.99    119010.95    241645.94
1996      29     123361.12    118505.84    241866.96
1996      30     126475.45    121224.26    247699.71
1996      31     127723.13    122538.79    250261.92
1996      32     125160.81    121626.71    246787.52
1996      33     124704.06    119982.37    244686.43
1996      34     122730.46    116795.91    239526.37
1996      35     115065.97    110855.40    225921.37
1996      36     121111.73    115717.16    236828.89
1996      37     109423.94    105869.73    215293.67
1996      38     101413.31     97366.67    198779.98
1996      39     100789.23     95455.87    196245.10
1996      40      97326.78     91855.36    189182.14
1996      41      94455.67     89251.71    183707.38
1996      42      90730.70     86496.48    177227.18
1996      43      84940.48     80852.54    165793.02
1996      44      81801.31     76251.11    158052.42
1996      45      77711.43     75692.03    153403.46
1996      46      84879.46     81118.60    165998.06
1996      47      73900.43     69705.60    143606.03
1996      48      69469.00     64803.65    134272.65
1996      49      67136.34     62406.52    129542.86
1996      50      67441.10     64722.61    132163.71
1996      51      65972.75     62469.65    128442.40
1996      52      63562.18     59996.38    123558.56
1996      53      61088.01     56397.64    117485.65
1996      54      60036.20     53939.39    113975.59
1996      55      54618.81     52038.40    106657.21
1996      56      58546.69     54466.19    113012.88
1996      57      50726.22     45862.25     96588.47
1996      58      50097.23     44563.25     94660.48
1996      59      49481.40     43383.01     92864.41
1996      60      45541.32     41276.53     86817.85
1996      61      44141.01     39682.72     83823.73
1996      62      43046.10     37983.51     81029.61
1996      63      43741.87     37183.02     80924.89
1996      64      45649.21     37285.31     82934.52
1996      65      42146.65     37347.78     79494.43
1996      66      47121.25     39797.47     86918.72
1996      67      41703.12     34424.95     76128.07
1996      68      39692.51     33477.26     73169.77
1996      69      36875.58     30795.63     67671.21
1996      70      31514.05     25500.06     57014.11
1996      71      29615.99     24277.34     53893.33
1996      72      27331.17     21401.87     48733.04
1996      73      24964.51     19264.61     44229.12
1996      74      25608.51     18859.32     44467.83
1996      75      22215.97     17070.22     39286.19
1996      76      24071.43     17328.05     41399.48
1996      77      20366.44     14089.72     34456.16
1996      78      19752.80     13291.74     33044.54
1996      79      18680.45     12353.85     31034.30
1996      80      18491.07     12459.18     30950.25
1996      81      17153.97     11092.27     28246.24
1996      82      15882.75      9804.68     25687.43
1996      83      13712.14      8079.93     21792.07
1996      84      11862.10      6870.15     18732.25
1996      85      10243.75      5707.55     15951.30
1996      86       8717.61      4586.13     13303.74
1996      87       7311.50      3682.30     10993.80
1996      88       6114.43      2966.35      9080.78
1996      89       5186.90      2294.49      7481.39
1996      90       4138.15      1732.69      5870.84
1996      91       3158.43      1305.87      4464.30
1996      92       2467.44       982.18      3449.62
1996      93       1916.82       742.64      2659.46
1996      94       1445.51       530.57      1976.08
1996      95       1076.54       374.30      1450.84
1996      96        742.03       257.44       999.47
1996      97        483.10       152.78       635.88
1996      98        338.20        98.06       436.26
1996      99        235.96        63.18       299.14
1996     100        153.36        40.86       194.22
1996     101         89.56        25.83       115.39
1996     102         53.00        17.25        70.25
1996     103         33.00        11.20        44.20
1996     104         21.93         6.54        28.47
1996     105         14.45         2.72        17.17
1996     106          7.59         1.68         9.27
1996     107          2.91         0.00         2.91
1996     108          1.94         0.00         1.94
1996     109          0.61         0.00         0.61
1996     110+         0.00         0.00         0.00
1997       0     127588.32    133761.51    261349.83
1997       1     128348.86    133800.15    262149.01
1997       2     131880.16    137163.61    269043.77
1997       3     132639.07    138601.21    271240.28
1997       4     135865.11    141315.24    277180.35
1997       5     137782.52    143684.83    281467.35
1997       6     137849.96    143930.52    281780.48
1997       7     142087.84    147756.35    289844.19
1997       8     142141.57    148024.62    290166.19
1997       9     142386.78    148485.97    290872.75
1997      10     130768.72    134520.01    265288.73
1997      11     122292.06    126722.90    249014.96
1997      12     119984.61    125214.20    245198.81
1997      13     120571.04    125376.43    245947.47
1997      14     125219.74    128196.24    253415.98
1997      15     127206.71    130138.81    257345.52
1997      16     120515.27    124928.83    245444.10
1997      17     118573.52    121754.87    240328.39
1997      18     115392.43    117299.50    232691.93
1997      19     114200.37    116933.11    231133.48
1997      20     113584.73    114671.92    228256.65
1997      21     119020.83    119969.36    238990.19
1997      22     124160.55    126308.78    250469.33
1997      23     124330.64    126362.45    250693.09
1997      24     122630.02    121303.06    243933.08
1997      25     122309.73    120166.08    242475.81
1997      26     119072.27    117671.89    236744.16
1997      27     121355.47    119602.86    240958.33
1997      28     121877.72    119523.69    241401.41
1997      29     122213.35    118621.83    240835.18
1997      30     123264.97    118386.39    241651.36
1997      31     126716.08    121387.38    248103.46
1997      32     127975.94    122629.09    250605.03
1997      33     125424.71    121977.13    247401.84
1997      34     124694.66    120067.07    244761.73
1997      35     122673.57    116599.23    239272.80
1997      36     115279.32    111132.61    226411.93
1997      37     121826.58    116518.08    238344.66
1997      38     109285.20    105409.46    214694.66
1997      39     100791.84     96780.42    197572.26
1997      40     100410.53     95147.09    195557.62
1997      41      97014.82     91655.81    188670.63
1997      42      94313.91     89244.61    183558.52
1997      43      90366.68     86266.40    176633.08
1997      44      84681.63     80564.97    165246.60
1997      45      81650.89     76070.48    157721.37
1997      46      77639.62     75668.24    153307.86
1997      47      84661.97     80973.76    165635.73
1997      48      73802.72     69607.77    143410.49
1997      49      69482.26     64862.13    134344.39
1997      50      66805.45     62190.63    128996.08
1997      51      66963.78     64241.65    131205.43
1997      52      65383.31     61866.84    127250.15
1997      53      63142.44     59526.15    122668.59
1997      54      60786.33     55879.28    116665.61
1997      55      59733.76     53376.91    113110.67
1997      56      54156.73     51367.27    105524.00
1997      57      58085.17     53806.95    111892.12
1997      58      50484.93     45495.33     95980.26
1997      59      49964.16     44418.12     94382.28
1997      60      49732.80     43466.90     93199.70
1997      61      45147.74     40699.06     85846.80
1997      62      43800.48     39166.44     82966.92
1997      63      42365.58     37019.96     79385.54
1997      64      42930.09     36329.46     79259.55
1997      65      44844.08     36525.77     81369.85
1997      66      41582.68     36540.93     78123.61
1997      67      46405.19     38900.42     85305.61
1997      68      41038.93     33512.91     74551.84
1997      69      38853.86     32301.04     71154.90
1997      70      35884.86     29603.60     65488.46
1997      71      30762.54     24544.97     55307.51
1997      72      28784.93     23264.80     52049.73
1997      73      26716.50     20637.16     47353.66
1997      74      24264.14     18434.11     42698.25
1997      75      24801.51     17906.97     42708.48
1997      76      21433.72     16093.67     37527.39
1997      77      23088.82     16292.79     39381.61
1997      78      19466.59     13143.60     32610.19
1997      79      18811.80     12310.78     31122.58
1997      80      17659.04     11394.65     29053.69
1997      81      17431.80     11496.70     28928.50
1997      82      16090.52     10129.21     26219.73
1997      83      14773.29      8876.46     23649.75
1997      84      12600.40      7235.68     19836.08
1997      85      10756.96      6058.23     16815.19
1997      86       9239.52      4961.86     14201.38
1997      87       7803.64      3951.71     11755.35
1997      88       6427.53      3136.98      9564.51
1997      89       5297.16      2500.34      7797.50
1997      90       4437.07      1907.35      6344.42
1997      91       3512.52      1416.44      4928.96
1997      92       2630.16      1041.57      3671.73
1997      93       2011.25       781.75      2793.00
1997      94       1549.41       579.13      2128.54
1997      95       1142.10       392.46      1534.56
1997      96        838.35       283.29      1121.64
1997      97        575.18       193.91       769.09
1997      98        357.16       110.40       467.56
1997      99        247.06        72.85       319.91
1997     100        176.50        44.84       221.34
1997     101        116.10        27.07       143.17
1997     102         64.35        16.04        80.39
1997     103         36.95        12.01        48.96
1997     104         23.62         8.76        32.38
1997     105         14.41         4.46        18.87
1997     106          8.60         1.56        10.16
1997     107          4.25         1.03         5.28
1997     108          1.33         0.00         1.33
1997     109          0.89         0.00         0.89
1997     110+         0.28         0.00         0.28
1998       0     125176.32    131563.72    256740.04
1998       1     126780.40    132665.48    259445.88
1998       2     128162.83    133462.95    261625.78
1998       3     131629.00    136875.23    268504.23
1998       4     132558.78    138448.30    271007.08
1998       5     135920.07    141252.31    277172.38
1998       6     138038.89    143838.52    281877.41
1998       7     138717.87    144788.62    283506.49
1998       8     142248.11    147850.54    290098.65
1998       9     141282.73    147077.76    288360.49
1998      10     141115.09    147013.24    288128.33
1998      11     131619.89    135184.94    266804.83
1998      12     122336.45    126966.64    249303.09
1998      13     120059.96    125541.33    245601.29
1998      14     120753.26    125830.31    246583.57
1998      15     125138.13    128002.61    253140.74
1998      16     126953.88    129596.89    256550.77
1998      17     120403.34    124700.97    245104.31
1998      18     118513.60    121698.66    240212.26
1998      19     115328.42    117051.79    232380.21
1998      20     113740.94    116053.94    229794.88
1998      21     113615.92    114163.33    227779.25
1998      22     119164.07    119492.71    238656.78
1998      23     124175.86    125828.08    250003.94
1998      24     124043.83    125738.55    249782.38
1998      25     122758.39    121352.54    244110.93
1998      26     122498.82    120381.41    242880.23
1998      27     118818.08    117252.18    236070.26
1998      28     121539.80    119599.15    241138.95
1998      29     121622.98    119395.29    241018.27
1998      30     121789.29    118219.94    240009.23
1998      31     123168.25    118283.56    241451.81
1998      32     126953.20    121544.21    248497.41
1998      33     128229.89    122679.54    250909.43
1998      34     125692.56    122291.58    247984.14
1998      35     124688.07    120147.41    244835.48
1998      36     122612.63    116403.08    239015.71
1998      37     115477.95    111393.63    226871.58
1998      38     122525.59    117298.55    239824.14
1998      39     109156.67    104951.41    214108.08
1998      40     100189.01     96195.15    196384.16
1998      41     100030.97     94810.86    194841.83
1998      42      96688.51     91418.24    188106.75
1998      43      94155.50     89216.56    183372.06
1998      44      89990.01     86014.80    176004.81
1998      45      84409.84     80256.31    164666.15
1998      46      81493.75     75891.55    157385.30
1998      47      77573.95     75638.22    153212.17
1998      48      84443.60     80821.08    165264.68
1998      49      73684.10     69520.47    143204.57
1998      50      69479.75     64915.37    134395.12
1998      51      66456.47     61955.76    128412.23
1998      52      66480.12     63767.04    130247.16
1998      53      64790.17     61262.41    126052.58
1998      54      62729.68     59047.32    121777.00
1998      55      60486.70     55360.96    115847.66
1998      56      59422.30     52802.13    112224.43
1998      57      53704.10     50708.17    104412.27
1998      58      57611.78     53158.48    110770.26
1998      59      50175.75     45101.78     95277.53
1998      60      49792.28     44263.30     94055.58
1998      61      49993.06     43550.18     93543.24
1998      62      44745.92     40102.94     84848.86
1998      63      43430.60     38670.95     82101.55
1998      64      41676.22     36118.10     77794.32
1998      65      42115.48     35498.26     77613.74
1998      66      44049.45     35795.51     79844.96
1998      67      41025.64     35743.61     76769.25
1998      68      45666.16     37957.06     83623.22
1998      69      40325.32     32590.47     72915.79
1998      70      37955.91     31100.73     69056.64
1998      71      34869.18     28400.97     63270.15
1998      72      29997.05     23649.46     53646.51
1998      73      27939.25     22297.36     50236.61
1998      74      26098.05     19867.86     45965.91
1998      75      23560.95     17578.63     41139.58
1998      76      23978.62     16986.84     40965.46
1998      77      20645.41     15155.44     35800.85
1998      78      22100.23     15233.12     37333.35
1998      79      18582.01     12274.78     30856.79
1998      80      17921.95     11458.68     29380.63
1998      81      16669.51     10453.74     27123.25
1998      82      16371.51     10529.79     26901.30
1998      83      15042.84      9171.20     24214.04
1998      84      13707.36      7959.14     21666.50
1998      85      11501.82      6384.74     17886.56
1998      86       9727.52      5272.37     14999.89
1998      87       8292.65      4253.43     12546.08
1998      88       6893.50      3337.93     10231.43
1998      89       5571.09      2633.19      8204.28
1998      90       4513.61      2054.06      6567.67
1998      91       3727.62      1527.67      5255.29
1998      92       2894.63      1107.72      4002.35
1998      93       2139.08       814.73      2953.81
1998      94       1583.89       588.12      2172.01
1998      95       1166.58       405.60      1572.18
1998      96        871.44       270.76      1142.20
1998      97        643.39       199.05       842.44
1998      98        428.70       134.51       563.21
1998      99        255.63        71.94       327.57
1998     100        167.76        47.49       215.25
1998     101        119.17        30.50       149.67
1998     102         75.86        15.85        91.71
1998     103         42.65         8.59        51.24
1998     104         23.95         6.80        30.75
1998     105         12.49         3.95        16.44
1998     106          6.92         2.18         9.10
1998     107          3.61         0.56         4.17
1998     108          1.42         0.00         1.42
1998     109          0.00         0.00         0.00
1998     110+         0.00         0.00         0.00
1999       0     124081.18    129024.37    253105.55
1999       1     124370.70    130281.25    254651.95
1999       2     126075.41    131687.52    257762.93
1999       3     127973.76    133115.98    261089.74
1999       4     131409.59    136606.02    268015.61
1999       5     132495.74    138299.10    270794.84
1999       6     135983.56    141198.80    277182.36
1999       7     138300.08    144002.67    282302.75
1999       8     139585.74    145656.29    285242.03
1999       9     142409.50    147957.39    290366.89
1999      10     140429.46    146135.69    286565.15
1999      11     139854.45    145545.69    285400.14
1999      12     132484.02    135864.11    268348.13
1999      13     122389.23    127218.43    249607.66
1999      14     120138.75    125858.63    245997.38
1999      15     120937.98    126270.05    247208.03
1999      16     125062.61    127788.22    252850.83
1999      17     126703.94    129025.69    255729.63
1999      18     120294.57    124445.31    244739.88
1999      19     118458.59    121611.96    240070.55
1999      20     115259.37    116774.29    232033.66
1999      21     113275.52    115187.03    228462.55
1999      22     113649.69    113666.96    227316.65
1999      23     119311.76    119016.41    238328.17
1999      24     124202.45    125347.54    249549.99
1999      25     123766.67    125116.22    248882.89
1999      26     122883.13    121405.39    244288.52
1999      27     122684.09    120591.28    243275.37
1999      28     118567.52    116824.86    235392.38
1999      29     121728.02    119598.63    241326.65
1999      30     121373.81    119286.51    240660.32
1999      31     121367.58    117812.98    239180.56
1999      32     123065.50    118179.85    241245.35
1999      33     127182.27    121725.14    248907.41
1999      34     128478.98    122739.79    251218.77
1999      35     125958.16    122598.14    248556.30
1999      36     124684.96    120206.78    244891.74
1999      37     122548.11    116204.64    238752.75
1999      38     115661.70    111678.54    227340.24
1999      39     123214.21    118102.11    241316.32
1999      40     109014.96    104492.22    213507.18
1999      41      99572.26     95594.04    195166.30
1999      42      99648.76     94478.20    194126.96
1999      43      96363.04     91187.28    187550.32
1999      44      93996.66     89194.73    183191.39
1999      45      89605.34     85784.09    175389.43
1999      46      84122.75     79940.72    164063.47
1999      47      81320.60     75708.82    157029.42
1999      48      77474.83     75622.44    153097.27
1999      49      84197.38     80669.36    164866.74
1999      50      73566.55     69432.10    142998.65
1999      51      69480.76     64985.87    134466.63
1999      52      66111.64     61748.88    127860.52
1999      53      65977.05     63306.37    129283.42
1999      54      64170.68     60636.44    124807.12
1999      55      62289.50     58510.12    120799.62
1999      56      60157.91     54800.82    114958.73
1999      57      59084.05     52219.06    111303.11
1999      58      53210.31     50010.20    103220.51
1999      59      57114.96     52423.65    109538.61
1999      60      49861.80     44645.62     94507.42
1999      61      49602.18     44073.22     93675.40
1999      62      50233.76     43601.30     93835.06
1999      63      44305.51     39474.24     83779.75
1999      64      43008.40     38123.75     81132.15
1999      65      40923.04     35186.01     76109.05
1999      66      41248.23     34667.97     75916.20
1999      67      43224.79     35058.07     78282.86
1999      68      40441.22     34933.58     75374.80
1999      69      44906.14     36982.96     81889.10
1999      70      39597.34     31592.84     71190.18
1999      71      37023.76     29836.30     66860.06
1999      72      33797.31     27142.64     60939.95
1999      73      29194.73     22673.74     51868.47
1999      74      27046.24     21292.32     48338.56
1999      75      25367.16     19084.39     44451.55
1999      76      22718.45     16697.30     39415.75
1999      77      23063.35     16051.67     39115.02
1999      78      19775.41     14181.17     33956.58
1999      79      21030.13     14157.02     35187.15
1999      80      17584.92     11348.25     28933.17
1999      81      16899.16     10558.53     27457.69
1999      82      15612.02      9555.60     25167.62
1999      83      15272.98      9637.94     24910.92
1999      84      13923.85      8290.50     22214.35
1999      85      12584.48      7061.63     19646.11
1999      86      10409.61      5589.22     15998.83
1999      87       8664.89      4534.78     13199.67
1999      88       7283.09      3585.20     10868.29
1999      89       5959.09      2777.56      8736.65
1999      90       4735.73      2120.29      6856.02
1999      91       3776.81      1613.22      5390.03
1999      92       3047.59      1198.86      4246.45
1999      93       2340.55       845.48      3186.03
1999      94       1703.48       596.25      2299.73
1999      95       1211.36       432.59      1643.95
1999      96        881.08       305.08      1186.16
1999      97        648.13       195.09       843.22
1999      98        478.73       134.36       613.09
1999      99        304.13        86.00       390.13
1999     100        160.51        42.87       203.38
1999     101        107.85        28.14       135.99
1999     102         79.30        18.71        98.01
1999     103         50.99         9.73        60.72
1999     104         28.44         5.03        33.47
1999     105         15.04         3.31        18.35
1999     106          7.64         1.56         9.20
1999     107          4.13         0.84         4.97
1999     108          1.95         0.00         1.95
1999     109          0.58         0.00         0.58
1999     110+         0.00         0.00         0.00
2000       0     120064.23    125288.46    245352.69
2000       1     122469.02    127124.99    249594.01
2000       2     123672.20    129175.70    252847.90
2000       3     125386.92    130747.73    256134.65
2000       4     127824.56    132812.14    260636.70
2000       5     131202.17    136356.34    267558.51
2000       6     132443.00    138161.98    270604.98
2000       7     136060.42    141152.13    277212.55
2000       8     138567.06    144176.02    282743.08
2000       9     140448.83    146531.72    286980.55
2000      10     142571.21    148064.07    290635.28
2000      11     139584.29    145187.03    284771.32
2000      12     138601.24    144076.45    282677.69
2000      13     133350.01    136539.94    269889.95
2000      14     122442.08    127457.80    249899.88
2000      15     120211.30    126165.46    246376.76
2000      16     121110.91    126700.46    247811.37
2000      17     124982.09    127559.61    252541.70
2000      18     126455.08    128444.10    254899.18
2000      19     120183.07    124183.57    244366.64
2000      20     118404.55    121509.59    239914.14
2000      21     115199.13    116509.47    231708.60
2000      22     112805.86    114327.45    227133.31
2000      23     113670.95    113164.42    226835.37
2000      24     119447.47    118543.63    237991.10
2000      25     124221.03    124884.30    249105.33
2000      26     123486.01    124510.03    247996.04
2000      27     123002.30    121455.49    244457.79
2000      28     122865.99    120790.30    243656.29
2000      29     118302.50    116398.56    234701.06
2000      30     121897.55    119604.06    241501.61
2000      31     121114.69    119175.84    240290.53
2000      32     120940.46    117405.93    238346.39
2000      33     122960.23    118064.21    241024.44
2000      34     127410.91    121902.34    249313.25
2000      35     128722.07    122827.37    251549.44
2000      36     126219.83    122926.28    249146.11
2000      37     124689.93    120269.33    244959.26
2000      38     122493.10    116007.98    238501.08
2000      39     115849.21    111948.51    227797.72
2000      40     123895.05    118867.58    242762.63
2000      41     108863.45    104006.77    212870.22
2000      42      98948.94     94992.14    193941.08
2000      43      99255.85     94127.60    193383.45
2000      44      96015.08     90935.01    186950.09
2000      45      93815.96     89158.25    182974.21
2000      46      89207.00     85538.61    174745.61
2000      47      83813.39     79628.22    163441.61
2000      48      81122.77     75492.16    156614.93
2000      49      77367.54     75550.25    152917.79
2000      50      83945.76     80489.62    164435.38
2000      51      73424.21     69331.38    142755.59
2000      52      69450.25     65041.07    134491.32
2000      53      65747.85     61500.56    127248.41
2000      54      65470.70     62798.61    128269.31
2000      55      63552.78     59978.81    123531.59
2000      56      61853.81     57959.99    119813.80
2000      57      59830.27     54232.82    114063.09
2000      58      58728.08     51592.39    110320.47
2000      59      52688.36     49286.79    101975.15
2000      60      56610.34     51729.14    108339.48
2000      61      49566.52     44202.17     93768.69
2000      62      49397.93     43845.26     93243.19
2000      63      50434.93     43613.71     94048.64
2000      64      43865.66     38833.99     82699.65
2000      65      42567.80     37559.26     80127.06
2000      66      40133.46     34199.41     74332.87
2000      67      40336.56     33772.50     74109.06
2000      68      42350.96     34249.67     76600.63
2000      69      39801.30     34064.44     73865.74
2000      70      44060.77     35975.21     80035.98
2000      71      38802.25     30562.45     69364.70
2000      72      36044.27     28520.89     64565.16
2000      73      32691.18     25842.46     58533.64
2000      74      28354.30     21707.32     50061.62
2000      75      26107.73     20292.07     46399.80
2000      76      24638.78     18260.72     42899.50
2000      77      21905.10     15749.06     37654.16
2000      78      22123.00     15037.53     37160.53
2000      79      18838.23     13156.95     31995.18
2000      80      19892.03     13035.27     32927.30
2000      81      16525.24     10406.87     26932.11
2000      82      15766.97      9646.66     25413.63
2000      83      14438.51      8600.56     23039.07
2000      84      14106.11      8669.24     22775.35
2000      85      12723.16      7360.75     20083.91
2000      86      11363.12      6198.49     17561.61
2000      87       9257.00      4825.09     14082.09
2000      88       7604.54      3830.82     11435.36
2000      89       6307.17      2978.90      9286.07
2000      90       5078.76      2260.19      7338.95
2000      91       3954.08      1700.76      5654.84
2000      92       3082.78      1268.67      4351.45
2000      93       2439.39       900.60      3339.99
2000      94       1831.63       612.66      2444.29
2000      95       1288.55       420.97      1709.52
2000      96        899.68       295.46      1195.14
2000      97        637.87       196.25       834.12
2000      98        447.13       121.27       568.40
2000      99        330.55        79.78       410.33
2000     100        197.50        49.53       247.03
2000     101        101.82        24.31       126.13
2000     102         69.39        13.02        82.41
2000     103         51.60        10.04        61.64
2000     104         33.07         5.95        39.02
2000     105         16.42         2.21        18.63
2000     106          9.33         0.64         9.97
2000     107          4.60         0.00         4.60
2000     108          2.42         0.00         2.42
2000     109          0.95         0.00         0.95
2000     110+         0.28         0.00         0.28
2001       0     117712.11    122809.18    240521.29
2001       1     117221.30    121781.51    239002.81
2001       2     120979.62    125360.83    246340.45
2001       3     123001.37    128066.37    251067.74
2001       4     124737.45    129819.28    254556.73
2001       5     127684.64    132513.13    260197.77
2001       6     131002.18    136117.26    267119.44
2001       7     132390.17    138027.66    270417.83
2001       8     136129.47    141107.08    277236.55
2001       9     138832.65    144347.63    283180.28
2001      10     141316.48    147402.14    288718.62
2001      11     142734.29    148171.01    290905.30
2001      12     138732.98    144246.54    282979.52
2001      13     137339.60    142606.72    279946.32
2001      14     134212.62    137213.11    271425.73
2001      15     122493.88    127701.51    250195.39
2001      16     120282.88    126468.17    246751.05
2001      17     121281.31    127114.06    248395.37
2001      18     124894.99    127308.16    252203.15
2001      19     126200.72    127830.46    254031.18
2001      20     120074.07    123884.92    243958.99
2001      21     118354.08    121400.52    239754.60
2001      22     115141.57    116231.18    231372.75
2001      23     112343.10    113456.26    225799.36
2001      24     113699.24    112660.10    226359.34
2001      25     119591.09    118058.36    237649.45
2001      26     124237.91    124411.00    248648.91
2001      27     123197.99    123910.62    247108.61
2001      28     123123.19    121522.53    244645.72
2001      29     123050.75    121002.72    244053.47
2001      30     118054.03    115976.64    234030.67
2001      31     122082.01    119609.79    241691.80
2001      32     120853.55    119060.79    239914.34
2001      33     120509.30    116999.94    237509.24
2001      34     122853.55    117970.40    240823.95
2001      35     127642.84    122100.22    249743.06
2001      36     128965.80    122915.04    251880.84
2001      37     126476.37    123264.96    249741.33
2001      38     124672.35    120338.16    245010.51
2001      39     122412.94    115791.95    238204.89
2001      40     116016.50    112220.93    228237.43
2001      41     124567.59    119649.83    244217.42
2001      42     108718.93    103530.28    212249.21
2001      43      98325.84     94370.10    192695.94
2001      44      98857.97     93737.81    192595.78
2001      45      95680.04     90644.39    186324.43
2001      46      93641.22     89089.67    182730.89
2001      47      88794.39     85269.16    174063.55
2001      48      83512.06     79294.11    162806.17
2001      49      80929.54     75258.43    156187.97
2001      50      77254.92     75483.38    152738.30
2001      51      83694.22     80295.17    163989.39
2001      52      73277.31     69179.27    142456.58
2001      53      69404.68     65053.48    134458.16
2001      54      65356.27     61214.20    126570.47
2001      55      64941.74     62277.08    127218.82
2001      56      62917.03     59320.94    122237.97
2001      57      61389.92     57394.81    118784.73
2001      58      59488.81     53654.46    113143.27
2001      59      58373.44     50980.43    109353.87
2001      60      52164.08     48558.59    100722.67
2001      61      56073.48     50975.40    107048.88
2001      62      49205.87     43726.52     92932.39
2001      63      49139.94     43626.80     92766.74
2001      64      50608.91     43610.50     94219.41
2001      65      43403.79     38165.11     81568.90
2001      66      42116.05     36995.48     79111.53
2001      67      39340.23     33197.34     72537.57
2001      68      39389.54     32815.70     72205.24
2001      69      41435.97     33403.73     74839.70
2001      70      39128.35     33210.98     72339.33
2001      71      43207.75     34996.58     78204.33
2001      72      38001.18     29522.45     67523.63
2001      73      35051.51     27199.06     62250.57
2001      74      31613.69     24541.55     56155.24
2001      75      27538.44     20707.06     48245.50
2001      76      25164.73     19258.26     44422.99
2001      77      23878.99     17474.75     41353.74
2001      78      21000.84     14900.45     35901.29
2001      79      21147.05     14102.32     35249.37
2001      80      17965.78     12208.15     30173.93
2001      81      18835.39     12019.35     30854.74
2001      82      15594.17      9544.10     25138.27
2001      83      14797.46      8818.21     23615.67
2001      84      13397.36      7772.91     21170.27
2001      85      13044.05      7838.82     20882.87
2001      86      11641.30      6572.19     18213.49
2001      87      10286.49      5436.59     15723.08
2001      88       8256.48      4166.41     12422.89
2001      89       6667.70      3256.19      9923.89
2001      90       5413.62      2484.48      7898.10
2001      91       4302.25      1835.50      6137.75
2001      92       3307.65      1335.02      4642.67
2001      93       2506.89       978.56      3485.45
2001      94       1933.46       680.12      2613.58
2001      95       1423.21       449.93      1873.14
2001      96        975.05       303.34      1278.39
2001      97        646.42       197.21       843.63
2001      98        444.31       119.16       563.47
2001      99        309.22        77.76       386.98
2001     100        211.58        48.15       259.73
2001     101        120.77        26.65       147.42
2001     102         66.88        14.76        81.64
2001     103         43.11         6.46        49.57
2001     104         28.69         4.71        33.40
2001     105         16.68         3.23        19.91
2001     106          8.18         1.15         9.33
2001     107          4.40         0.64         5.04
2001     108          1.90         0.00         1.90
2001     109          0.86         0.00         0.86
2001     110+         0.00         0.00         0.00
2002       0     111523.37    116008.55    227531.92
2002       1     111544.61    115957.58    227502.19
2002       2     114475.90    118354.23    232830.13
2002       3     119500.12    123616.35    243116.47
2002       4     122344.23    126982.54    249326.77
2002       5     124090.20    128910.63    253000.83
2002       6     127546.98    132224.92    259771.90
2002       7     130797.28    135876.26    266673.54
2002       8     132336.42    137896.49    270232.91
2002       9     136202.75    141068.01    277270.76
2002      10     139101.18    144524.58    283625.76
2002      11     142187.23    148278.74    290465.97
2002      12     142894.77    148280.20    291174.97
2002      13     137879.80    143303.61    281183.41
2002      14     136069.14    141131.31    277200.45
2002      15     135059.25    137867.36    272926.61
2002      16     122537.91    127911.66    250449.57
2002      17     120352.47    126731.00    247083.47
2002      18     121453.23    127490.30    248943.53
2002      19     124811.43    127034.00    251845.43
2002      20     125950.14    127193.12    253143.26
2002      21     119965.63    123568.05    243533.68
2002      22     118300.67    121280.18    239580.85
2002      23     115076.28    115946.04    231022.32
2002      24     111882.74    112580.12    224462.86
2002      25     113728.64    112138.94    225867.58
2002      26     119713.71    117564.67    237278.38
2002      27     124237.42    123936.33    248173.75
2002      28     122906.08    123301.04    246207.12
2002      29     123242.02    121593.66    244835.68
2002      30     123234.59    121212.10    244446.69
2002      31     117798.26    115540.42    233338.68
2002      32     122255.65    119604.28    241859.93
2002      33     120585.92    118926.68    239512.60
2002      34     120061.31    116581.24    236642.55
2002      35     122722.21    117870.56    240592.77
2002      36     127851.45    122278.83    250130.28
2002      37     129196.33    122976.62    252172.95
2002      38     126729.42    123555.85    250285.27
2002      39     124657.99    120364.79    245022.78
2002      40     122334.99    115557.95    237892.94
2002      41     116185.01    112448.11    228633.12
2002      42     125231.54    120390.48    245622.02
2002      43     108543.12    103032.73    211575.85
2002      44      97660.86     93738.47    191399.33
2002      45      98424.95     93348.86    191773.81
2002      46      95314.26     90346.64    185660.90
2002      47      93443.72     89008.11    182451.83
2002      48      88370.73     84983.55    173354.28
2002      49      83186.14     78941.47    162127.61
2002      50      80714.82     74994.92    155709.74
2002      51      77121.03     75359.45    152480.48
2002      52      83419.05     80037.24    163456.29
2002      53      73106.86     68990.97    142097.83
2002      54      69327.48     65018.23    134345.71
2002      55      64940.90     60881.90    125822.80
2002      56      64383.66     61683.17    126066.83
2002      57      62244.78     58597.52    120842.30
2002      58      60890.06     56781.42    117671.48
2002      59      59090.40     53014.78    112105.18
2002      60      57959.86     50270.15    108230.01
2002      61      51593.63     47706.28     99299.91
2002      62      55491.73     50148.86    105640.59
2002      63      48818.58     43206.94     92025.52
2002      64      48855.24     43313.39     92168.63
2002      65      50740.05     43490.82     94230.87
2002      66      42881.79     37392.74     80274.53
2002      67      41632.09     36344.46     77976.55
2002      68      38505.94     32140.97     70646.91
2002      69      38378.05     31801.18     70179.23
2002      70      40435.58     32448.30     72883.88
2002      71      38386.97     32213.33     70600.30
2002      72      42302.43     33901.62     76204.05
2002      73      37107.94     28422.27     65530.21
2002      74      34046.42     25863.87     59910.29
2002      75      30475.39     23249.49     53724.88
2002      76      26607.48     19713.37     46320.85
2002      77      24165.60     18224.08     42389.68
2002      78      23061.34     16667.36     39728.70
2002      79      20081.06     14002.06     34083.12
2002      80      20111.28     13116.32     33227.60
2002      81      16995.50     11244.93     28240.43
2002      82      17698.56     10997.75     28696.31
2002      83      14539.69      8668.41     23208.10
2002      84      13748.39      7999.37     21747.76
2002      85      12332.22      6943.17     19275.39
2002      86      11969.57      7017.55     18987.12
2002      87      10522.11      5841.06     16363.17
2002      88       9178.75      4765.91     13944.66
2002      89       7251.70      3577.07     10828.77
2002      90       5767.03      2756.07      8523.10
2002      91       4615.35      2074.87      6690.22
2002      92       3570.49      1509.09      5079.58
2002      93       2679.12      1072.03      3751.15
2002      94       1987.79       757.21      2745.00
2002      95       1517.73       510.24      2027.97
2002      96       1101.58       331.25      1432.83
2002      97        733.93       221.15       955.08
2002      98        478.55       138.26       616.81
2002      99        321.83        79.21       401.04
2002     100        216.56        48.14       264.70
2002     101        141.46        27.27       168.73
2002     102         78.27        15.65        93.92
2002     103         44.78         9.98        54.76
2002     104         30.00         5.13        35.13
2002     105         18.71         2.79        21.50
2002     106          9.37         0.93        10.30
2002     107          4.27         0.00         4.27
2002     108          2.21         0.00         2.21
2002     109          0.78         0.00         0.78
2002     110+         0.25         0.00         0.25
2003       0     112631.51    117233.87    229865.38
2003       1     106093.69    110649.57    216743.26
2003       2     109604.19    113807.99    223412.18
2003       3     113595.10    117261.20    230856.30
2003       4     119019.49    123043.52    242063.01
2003       5     122121.87    126621.89    248743.76
2003       6     123872.60    128608.86    252481.46
2003       7     127487.54    132118.24    259605.78
2003       8     130722.71    135782.13    266504.84
2003       9     132308.65    137836.23    270144.88
2003      10     136207.17    141034.78    277241.95
2003      11     139164.99    144553.21    283718.20
2003      12     142444.91    148526.60    290971.51
2003      13     142931.54    148284.61    291216.15
2003      14     137594.90    142956.28    280551.18
2003      15     135656.37    140612.21    276268.58
2003      16     135302.77    138014.44    273317.21
2003      17     122521.34    127915.54    250436.88
2003      18     120348.89    126743.92    247092.81
2003      19     121488.04    127524.19    249012.23
2003      20     124760.70    126837.63    251598.33
2003      21     125846.91    126885.65    252732.56
2003      22     119905.58    123366.88    243272.46
2003      23     118255.00    121137.71    239392.71
2003      24     115022.03    115748.66    230770.69
2003      25     111706.85    112186.91    223893.76
2003      26     113708.69    111865.58    225574.27
2003      27     119722.34    117304.97    237027.31
2003      28     124200.86    123676.11    247876.97
2003      29     122776.86    122977.78    245754.64
2003      30     123249.36    121468.20    244717.56
2003      31     123255.75    121141.77    244397.52
2003      32     117682.31    115280.41    232962.72
2003      33     122278.23    119484.77    241763.00
2003      34     120455.74    118760.99    239216.73
2003      35     119874.01    116306.74    236180.75
2003      36     122634.82    117679.44    240314.26
2003      37     127858.95    122163.45    250022.40
2003      38     129197.18    122825.33    252022.51
2003      39     126731.73    123473.28    250205.01
2003      40     124561.11    120174.00    244735.11
2003      41     122207.04    115276.85    237483.89
2003      42     116139.91    112327.99    228467.90
2003      43     125339.49    120416.48    245755.97
2003      44     108391.48    102638.54    211030.02
2003      45      97336.26     93308.21    190644.47
2003      46      98154.94     93005.16    191160.10
2003      47      95059.34     90018.91    185078.25
2003      48      93240.65     88737.33    181977.98
2003      49      88096.52     84598.49    172695.01
2003      50      82936.98     78541.85    161478.83
2003      51      80486.62     74626.08    155112.70
2003      52      76900.49     75028.20    151928.69
2003      53      83144.98     79657.76    162802.74
2003      54      72852.88     68596.27    141449.15
2003      55      69098.73     64653.70    133752.43
2003      56      64613.21     60429.34    125042.55
2003      57      63976.01     61106.52    125082.53
2003      58      61767.63     57935.64    119703.27
2003      59      60470.22     56129.90    116600.12
2003      60      58704.09     52332.09    111036.18
2003      61      57542.08     49591.98    107134.06
2003      62      51069.95     46985.33     98055.28
2003      63      54967.68     49389.49    104357.17
2003      64      48390.27     42533.96     90924.23
2003      65      48430.56     42683.46     91114.02
2003      66      50388.33     42871.32     93259.65
2003      67      42316.26     36552.36     78868.62
2003      68      41075.66     35520.29     76595.95
2003      69      37805.87     31141.41     68947.28
2003      70      37566.03     30799.42     68365.45
2003      71      39567.75     31417.06     70984.81
2003      72      37532.15     31052.13     68584.28
2003      73      41374.06     32695.71     74069.77
2003      74      36139.93     27203.16     63343.09
2003      75      33050.49     24607.99     57658.48
2003      76      29466.44     22075.68     51542.12
2003      77      25650.12     18638.01     44288.13
2003      78      23152.74     17130.32     40283.06
2003      79      22109.96     15694.79     37804.75
2003      80      19106.70     13017.58     32124.28
2003      81      19078.09     12090.08     31168.17
2003      82      15949.37     10261.61     26210.98
2003      83      16598.58     10032.01     26630.59
2003      84      13500.95      7792.40     21293.35
2003      85      12669.77      7171.49     19841.26
2003      86      11241.49      6169.50     17410.99
2003      87      10928.95      6306.77     17235.72
2003      88       9501.95      5183.38     14685.33
2003      89       8191.52      4149.37     12340.89
2003      90       6396.54      3055.51      9452.05
2003      91       5000.57      2312.28      7312.85
2003      92       3926.73      1696.02      5622.75
2003      93       2994.97      1215.92      4210.89
2003      94       2181.40       845.57      3026.97
2003      95       1570.88       571.42      2142.30
2003      96       1171.61       377.45      1549.06
2003      97        832.51       235.78      1068.29
2003      98        547.69       154.25       701.94
2003      99        347.08       100.37       447.45
2003     100        226.09        56.56       282.65
2003     101        151.11        33.37       184.48
2003     102         93.01        16.49       109.50
2003     103         47.27         8.32        55.59
2003     104         25.41         5.65        31.06
2003     105         16.16         2.60        18.76
2003     106          9.59         0.93        10.52
2003     107          4.39         0.00         4.39
2003     108          1.59         0.00         1.59
2003     109          0.70         0.00         0.70
2003     110+         0.00         0.00         0.00
2004       0     113776.15    119032.80    232808.95
2004       1     112467.05    117047.11    229514.16
2004       2     106039.04    110571.43    216610.47
2004       3     109568.41    113768.11    223336.52
2004       4     113561.17    117231.28    230792.45
2004       5     118986.85    123010.50    241997.35
2004       6     122092.52    126591.67    248684.19
2004       7     123850.85    128582.21    252433.06
2004       8     127471.61    132090.37    259561.98
2004       9     130708.74    135753.00    266461.74
2004      10     132297.36    137806.06    270103.42
2004      11     136189.57    141002.81    277192.38
2004      12     139141.02    144513.10    283654.12
2004      13     142420.25    148481.32    290901.57
2004      14     142904.42    148237.36    291141.78
2004      15     137563.07    142900.79    280463.86
2004      16     135626.74    140536.11    276162.85
2004      17     135274.61    137919.10    273193.71
2004      18     122492.11    127816.52    250308.63
2004      19     120315.57    126637.89    246953.46
2004      20     121447.17    127389.75    248836.92
2004      21     124719.89    126682.23    251402.12
2004      22     125804.69    126723.03    252527.72
2004      23     119861.93    123205.65    243067.58
2004      24     118214.79    120982.72    239197.51
2004      25     114983.56    115593.20    230576.76
2004      26     111672.88    112037.51    223710.39
2004      27     113670.37    111712.57    225382.94
2004      28     119673.93    117132.81    236806.74
2004      29     124144.81    123491.12    247635.93
2004      30     122712.58    122799.02    245511.60
2004      31     123186.76    121278.34    244465.10
2004      32     123198.57    120939.44    244138.01
2004      33     117625.33    115090.56    232715.89
2004      34     122210.75    119284.49    241495.24
2004      35     120376.97    118536.85    238913.82
2004      36     119792.37    116072.57    235864.94
2004      37     122546.58    117450.23    239996.81
2004      38     127764.03    121917.29    249681.32
2004      39     129090.88    122559.15    251650.03
2004      40     126614.26    123199.72    249813.98
2004      41     124427.93    119881.97    244309.90
2004      42     122053.71    114980.07    237033.78
2004      43     115982.76    112023.86    228006.62
2004      44     125179.52    120109.82    245289.34
2004      45     108231.00    102299.32    210530.32
2004      46      97157.12     92940.06    190097.18
2004      47      97952.29     92658.13    190610.42
2004      48      94839.65     89665.15    184504.80
2004      49      93018.82     88363.97    181382.79
2004      50      87859.37     84174.83    172034.20
2004      51      82689.62     78115.09    160804.71
2004      52      80221.67     74195.65    154417.32
2004      53      76625.70     74557.92    151183.62
2004      54      82860.39     79160.09    162020.48
2004      55      72549.14     68084.02    140633.16
2004      56      68774.43     64083.33    132857.76
2004      57      64276.77     59843.00    124119.77
2004      58      63619.30     60474.59    124093.89
2004      59      61375.29     57283.56    118658.85
2004      60      60039.57     55447.89    115487.46
2004      61      58253.67     51596.26    109849.93
2004      62      57079.81     48837.17    105916.98
2004      63      50577.18     46213.67     96790.85
2004      64      54453.46     48608.98    103062.44
2004      65      47869.74     41755.36     89625.10
2004      66      47890.78     41875.20     89765.98
2004      67      49821.59     41974.08     91795.67
2004      68      41724.61     35612.45     77337.06
2004      69      40459.98     34601.34     75061.32
2004      70      37156.06     30168.40     67324.46
2004      71      36855.19     29729.39     66584.58
2004      72      38771.21     30315.33     69086.54
2004      73      36587.10     29842.08     66429.18
2004      74      40410.65     31429.12     71839.77
2004      75      35138.50     25901.40     61039.90
2004      76      32054.51     23335.44     55389.95
2004      77      28518.11     20912.66     49430.77
2004      78      24676.40     17495.56     42171.96
2004      79      22110.45     16014.44     38124.89
2004      80      21026.55     14584.82     35611.37
2004      81      18027.86     11931.18     29959.04
2004      82      17961.06     11056.30     29017.36
2004      83      14769.91      9270.09     24040.00
2004      84      15456.57      9115.17     24571.74
2004      85      12411.23      6923.73     19334.96
2004      86      11570.06      6318.88     17888.94
2004      87      10144.85      5383.00     15527.85
2004      88       9871.79      5628.76     15500.55
2004      89       8458.80      4539.32     12998.12
2004      90       7159.06      3565.83     10724.89
2004      91       5489.24      2600.88      8090.12
2004      92       4225.37      1938.25      6163.62
2004      93       3273.59      1395.96      4669.55
2004      94       2445.76       963.19      3408.95
2004      95       1738.83       644.78      2383.61
2004      96       1217.74       431.10      1648.84
2004      97        892.46       287.56      1180.02
2004      98        624.68       178.66       803.34
2004      99        384.71       105.90       490.61
2004     100        237.11        61.46       298.57
2004     101        152.36        33.91       186.27
2004     102         95.90        20.71       116.61
2004     103         61.90        10.39        72.29
2004     104         32.35         5.32        37.67
2004     105         15.42         3.20        18.62
2004     106          8.08         1.21         9.29
2004     107          4.27         0.43         4.70
2004     108          1.71         0.00         1.71
2004     109          0.25         0.00         0.25
2004     110+         0.00         0.00         0.00
2005       0     112169.87    116406.39    228576.26
2005       1     113609.10    118843.08    232452.18
2005       2     112410.61    116972.69    229383.30
2005       3     106003.88    110533.76    216537.64
2005       4     109536.63    113739.73    223276.36
2005       5     113538.35    117204.45    230742.80
2005       6     118970.88    122981.94    241952.82
2005       7     122073.85    126565.30    248639.15
2005       8     123832.00    128550.24    252382.24
2005       9     127455.12    132057.81    259512.93
2005      10     130687.87    135724.70    266412.57
2005      11     132271.88    137774.51    270046.39
2005      12     136166.15    140971.92    277138.07
2005      13     139116.98    144476.49    283593.47
2005      14     142389.51    148434.39    290823.90
2005      15     142867.20    148180.00    291047.20
2005      16     137522.31    142836.49    280358.80
2005      17     135587.55    140449.34    276036.89
2005      18     135237.04    137793.39    273030.43
2005      19     122453.87    127675.41    250129.28
2005      20     120273.48    126491.75    246765.23
2005      21     121401.65    127247.81    248649.46
2005      22     124669.85    126520.05    251189.90
2005      23     125762.12    126567.27    252329.39
2005      24     119816.01    123058.74    242874.75
2005      25     118161.11    120831.78    238992.89
2005      26     114930.59    115438.44    230369.03
2005      27     111621.60    111886.40    223508.00
2005      28     113610.40    111568.36    225178.76
2005      29     119617.45    116983.59    236601.04
2005      30     124095.27    123322.30    247417.57
2005      31     122657.46    122609.78    245267.24
2005      32     123130.45    121083.27    244213.72
2005      33     123137.11    120732.91    243870.02
2005      34     117556.82    114882.58    232439.40
2005      35     122135.78    119090.30    241226.08
2005      36     120286.24    118323.26    238609.50
2005      37     119690.23    115840.00    235530.23
2005      38     122453.21    117215.23    239668.44
2005      39     127655.38    121659.26    249314.64
2005      40     128959.90    122278.74    251238.64
2005      41     126463.55    122883.74    249347.29
2005      42     124279.66    119559.21    243838.87
2005      43     121917.45    114670.00    236587.45
2005      44     115830.03    111704.48    227534.51
2005      45     125008.94    119774.15    244783.09
2005      46     108049.78    101940.98    209990.76
2005      47      96942.91     92574.16    189517.07
2005      48      97735.03     92279.72    190014.75
2005      49      94632.64     89267.67    183900.31
2005      50      92792.46     87956.52    180748.98
2005      51      87615.08     83711.10    171326.18
2005      52      82450.17     77667.32    160117.49
2005      53      79962.64     73751.91    153714.55
2005      54      76348.71     74067.43    150416.14
2005      55      82562.35     78615.98    161178.33
2005      56      72224.55     67528.76    139753.31
2005      57      68442.24     63492.58    131934.82
2005      58      63934.98     59242.73    123177.71
2005      59      63252.21     59851.00    123103.21
2005      60      60959.23     56618.71    117577.94
2005      61      59570.88     54759.28    114330.16
2005      62      57789.18     50887.00    108676.18
2005      63      56620.12     48080.40    104700.52
2005      64      50087.91     45388.20     95476.11
2005      65      53921.09     47768.00    101689.09
2005      66      47315.11     40919.21     88234.32
2005      67      47307.57     41017.97     88325.54
2005      68      49199.97     41077.37     90277.34
2005      69      41078.91     34680.08     75758.99
2005      70      39794.17     33615.47     73409.64
2005      71      36444.35     29107.97     65552.32
2005      72      36055.07     28590.19     64645.26
2005      73      37927.20     29096.66     67023.86
2005      74      35606.08     28517.34     64123.42
2005      75      39374.42     30164.10     69538.52
2005      76      34036.66     24609.09     58645.75
2005      77      30962.16     22068.53     53030.69
2005      78      27506.23     19752.41     47258.64
2005      79      23620.13     16288.60     39908.73
2005      80      20968.65     14813.54     35782.19
2005      81      19882.78     13465.69     33348.47
2005      82      16910.36     10858.14     27768.50
2005      83      16783.27     10015.73     26799.00
2005      84      13575.57      8311.12     21886.69
2005      85      14308.27      8243.10     22551.37
2005      86      11245.70      6078.99     17324.69
2005      87      10386.96      5477.26     15864.22
2005      88       8971.99      4620.22     13592.21
2005      89       8752.47      4956.41     13708.88
2005      90       7408.68      3928.27     11336.95
2005      91       6168.04      3048.24      9216.28
2005      92       4647.10      2184.12      6831.22
2005      93       3503.57      1579.68      5083.25
2005      94       2643.11      1105.64      3748.75
2005      95       1925.15       741.62      2666.77
2005      96       1357.37       493.41      1850.78
2005      97        940.87       316.49      1257.36
2005      98        658.19       193.41       851.60
2005      99        448.71       120.32       569.03
2005     100        266.63        69.72       336.35
2005     101        157.09        38.35       195.44
2005     102        100.97        21.25       122.22
2005     103         59.71        12.93        72.64
2005     104         38.70         7.17        45.87
2005     105         20.67         2.86        23.53
2005     106          9.65         0.87        10.52
2005     107          4.86         0.00         4.86
2005     108          2.30         0.00         2.30
2005     109          0.78         0.00         0.78
2005     110+         0.00         0.00         0.00
2006       0     111577.65    117587.49    229165.14
2006       1     112011.71    116235.24    228246.95
2006       2     113555.83    118778.46    232334.29
2006       3     112382.21    116935.53    229317.74
2006       4     105983.32    110504.41    216487.73
2006       5     109517.38    113715.42    223232.80
2006       6     113520.47    117175.74    230696.21
2006       7     118948.54    122957.36    241905.90
2006       8     122055.83    126541.95    248597.78
2006       9     123817.24    128520.17    252337.41
2006      10     127436.50    132031.37    259467.87
2006      11     130668.78    135699.09    266367.87
2006      12     132249.85    137749.05    269998.90
2006      13     136139.14    140938.73    277077.87
2006      14     139090.55    144433.02    283523.57
2006      15     142360.72    148381.29    290742.01
2006      16     142826.38    148104.04    290930.42
2006      17     137478.70    142733.05    280211.75
2006      18     135547.28    140326.21    275873.49
2006      19     135196.46    137652.80    272849.26
2006      20     122416.99    127527.92    249944.91
2006      21     120240.88    126344.82    246585.70
2006      22     121367.96    127103.75    248471.71
2006      23     124630.90    126360.84    250991.74
2006      24     125721.66    126405.98    252127.64
2006      25     119770.86    122902.36    242673.22
2006      26     118118.19    120677.71    238795.90
2006      27     114888.43    115292.89    230181.32
2006      28     111579.27    111734.72    223313.99
2006      29     113565.59    111413.48    224979.07
2006      30     119565.06    116822.85    236387.91
2006      31     124042.42    123145.18    247187.60
2006      32     122594.94    122404.49    244999.43
2006      33     123057.54    120881.24    243938.78
2006      34     123063.32    120534.81    243598.13
2006      35     117487.39    114675.46    232162.85
2006      36     122062.46    118882.48    240944.94
2006      37     120190.43    118104.99    238295.42
2006      38     119587.27    115598.98    235186.25
2006      39     122344.79    116960.35    239305.14
2006      40     127529.17    121381.97    248911.14
2006      41     128822.77    121993.49    250816.26
2006      42     126316.90    122597.06    248913.96
2006      43     124137.41    119233.65    243371.06
2006      44     121762.50    114350.54    236113.04
2006      45     115648.46    111400.31    227048.77
2006      46     124831.73    119427.49    244259.22
2006      47     107860.27    101562.32    209422.59
2006      48      96724.66     92176.44    188901.10
2006      49      97520.02     91895.38    189415.40
2006      50      94399.54     88886.47    183286.01
2006      51      92547.50     87555.72    180103.22
2006      52      87351.55     83271.59    170623.14
2006      53      82178.84     77225.44    159404.28
2006      54      79690.71     73294.35    152985.06
2006      55      76074.97     73576.39    149651.36
2006      56      82249.51     78074.94    160324.45
2006      57      71888.13     66958.67    138846.80
2006      58      68090.11     62868.86    130958.97
2006      59      63561.65     58604.96    122166.61
2006      60      62850.73     59176.26    122026.99
2006      61      60541.58     55907.89    116449.47
2006      62      59119.27     54019.72    113138.99
2006      63      57304.90     50126.04    107430.94
2006      64      56100.29     47291.86    103392.15
2006      65      49536.87     44539.09     94075.96
2006      66      53365.98     46883.30    100249.28
2006      67      46739.18     40033.28     86772.46
2006      68      46674.50     40122.40     86796.90
2006      69      48562.48     40131.66     88694.14
2006      70      40458.19     33675.29     74133.48
2006      71      39096.69     32579.52     71676.21
2006      72      35674.75     28034.47     63709.22
2006      73      35241.67     27446.05     62687.72
2006      74      37025.00     27908.97     64933.97
2006      75      34527.69     27158.02     61685.71
2006      76      38281.75     28805.56     67087.31
2006      77      32884.05     23282.56     56166.61
2006      78      29822.27     20729.32     50551.59
2006      79      26404.23     18565.21     44969.44
2006      80      22463.52     15150.72     37614.24
2006      81      19792.94     13684.10     33477.04
2006      82      18724.30     12372.60     31096.90
2006      83      15730.09      9808.40     25538.49
2006      84      15578.16      9004.49     24582.65
2006      85      12384.17      7363.40     19747.57
2006      86      13155.39      7419.45     20574.84
2006      87      10079.58      5326.25     15405.83
2006      88       9200.98      4727.43     13928.41
2006      89       7858.38      3938.64     11797.02
2006      90       7717.45      4369.01     12086.46
2006      91       6441.57      3409.68      9851.25
2006      92       5271.82      2606.80      7878.62
2006      93       3896.16      1834.87      5731.03
2006      94       2870.12      1293.87      4163.99
2006      95       2117.02       877.10      2994.12
2006      96       1521.95       578.78      2100.73
2006      97       1049.12       373.13      1422.25
2006      98        707.95       235.93       943.88
2006      99        482.47       143.35       625.82
2006     100        314.25        80.60       394.85
2006     101        187.59        44.18       231.77
2006     102        106.45        24.25       130.70
2006     103         63.14        12.47        75.61
2006     104         39.71         7.60        47.31
2006     105         24.67         4.10        28.77
2006     106         11.58         1.02        12.60
2006     107          4.97         0.00         4.97
2006     108          2.23         0.00         2.23
2006     109          0.67         0.00         0.67
2006     110+         0.00         0.00         0.00
